kinematics:
  shoulder:
    x: 0
    y: 0
    z: 0.1519436734040401
    roll: -0
    pitch: 0
    yaw: 3.041212921972677e-05
  upper_arm:
    x: -4.768405431002354e-05
    y: 0
    z: 0
    roll: 1.570946681460071
    pitch: 0
    yaw: -2.785171294288608e-05
  forearm:
    x: -0.2441670953081855
    y: 0
    z: 0
    roll: 3.139859924078752
    pitch: 3.139218277421906
    yaw: 3.141565879472096
  wrist_1:
    x: -0.2135107815172508
    y: 0.0003236452430931882
    z: 0.1115696138877702
    roll: 3.138691824914217
    pitch: -3.137603202058607
    yaw: -3.141581171492521
  wrist_2:
    x: -1.197522777358784e-05
    y: -0.08530987140002382
    z: -6.686259368551669e-06
    roll: 1.570874702945805
    pitch: 0
    yaw: -2.678495786119452e-05
  wrist_3:
    x: -1.343933943825723e-05
    y: 0.08240103341660017
    z: -2.928824333039483e-05
    roll: 1.570440891421302
    pitch: 3.141592653589793
    yaw: 3.141547691499492
  hash: calib_8492668872596937262